[0m [38;2;0;0;0m               [0m [38;2;108;34;139m▁[0m [38;2;1;0;2m[0m
 [38;2;0;0;0m             [7m[38;2;81;48;145m▊[0m[38;2;52;108;231m▃[7m[38;2;90;80;223m▘[0m[38;2;6;76;153;48;2;76;55;187m▁[0m [38;2;33;37;93m[0m
 [38;2;0;0;0m       [38;2;107;12;107m▂[38;2;33;29;69m▃[38;2;30;36;89m▃[0m  [38;2;2;173;200m▄[7m[38;2;0;216;246m▔[0m[38;2;5;188;253;48;2;0;221;253m▔[38;2;6;174;250;48;2;0;203;250m▔[38;2;0;149;214;48;2;0;167;232m▕[0m[38;2;2;148;204m▆[38;2;5;100;122m▖ [0m [38;2;24;26;63m▂[38;2;15;20;43m▂ [38;2;22;26;56m▗[38;2;26;30;64m▆[7m[38;2;18;29;64m▔[0m[38;2;10;42;79m▋[0m
 [38;2;0;0;0m      [7m[38;2;173;17;162m▌[0m[38;2;202;15;187;48;2;67;25;97m▌[38;2;30;35;74;48;2;37;41;79m▂[38;2;30;34;77;48;2;31;37;71m▔[38;2;10;20;42;48;2;17;32;70m▕[0m[7m[38;2;29;52;83m▘[0m[38;2;20;35;64;48;2;7;197;240m▅[38;2;24;23;51;48;2;6;192;236m▄[38;2;42;53;91;48;2;16;188;232m▅[38;2;25;39;70;48;2;8;173;223m▆[38;2;5;20;45;48;2;10;133;190m▆[38;2;4;37;74;48;2;0;117;179m▆[0m[7m[38;2;3;106;166m▝[0m [7m[38;2;15;16;54m▘[0m[38;2;10;19;50;48;2;24;29;67m▃[38;2;12;29;65;48;2;13;42;91m▋[0m[38;2;19;29;66m▅[38;2;25;31;64;48;2;18;27;58m▔[38;2;4;26;58;48;2;7;21;49m▕[38;2;9;61;111;48;2;6;35;65m▞[0m [38;2;7;37;62m[0m
 [38;2;0;0;0m      [0m [38;2;121;20;136m▘[38;2;17;28;72;48;2;17;46;92m▘[38;2;12;40;84;48;2;19;28;64m▁[38;2;4;83;124;48;2;13;34;64m▕[38;2;43;117;185;48;2;5;29;61m▁[38;2;193;19;174;48;2;27;11;56m▃[38;2;214;16;188;48;2;48;58;112m▅[38;2;145;8;137;48;2;23;11;54m▂[38;2;23;36;73;48;2;3;14;42m▁[38;2;0;83;136;48;2;1;21;49m▁[38;2;0;43;85;48;2;0;115;176m▘[38;2;0;138;202;48;2;0;123;186m▝[38;2;2;106;161;48;2;8;24;63m▎[38;2;12;28;69;48;2;4;14;52m▖[38;2;11;18;62;48;2;8;17;49m▝[38;2;18;26;55;48;2;20;25;74m▆[38;2;8;22;49;48;2;17;26;56m▄[38;2;2;32;69;48;2;3;21;49m▗[38;2;10;68;122;48;2;3;33;69m▗[0m[38;2;11;66;115m▘[0m
 [38;2;0;0;0m        [0m [7m[38;2;98;31;128m▋[0m[38;2;189;19;183;48;2;26;66;105m▆[38;2;131;96;206;48;2;205;23;191m▔[38;2;167;5;162;48;2;231;26;205m▂[38;2;178;6;164;48;2;209;16;188m▂[38;2;154;3;152;48;2;188;8;170m▂[38;2;90;54;142;48;2;147;7;148m▔[38;2;97;31;146;48;2;20;124;187m▆[38;2;0;83;149;48;2;0;127;188m▄[38;2;0;36;78;48;2;0;93;157m▗[38;2;0;37;73;48;2;5;19;44m▏[38;2;1;8;31;48;2;10;25;60m▄[38;2;9;20;46;48;2;1;14;38m▝[38;2;0;22;56;48;2;4;19;46m▁[38;2;4;31;81;48;2;2;30;67m▁[0m[7m[38;2;6;47;89m▃[38;2;8;50;87m▆[0m[38;2;0;3;6m[0m
 [38;2;0;0;0m         [0m [7m[38;2;30;20;67m▍[0m[38;2;15;18;52;48;2;114;11;140m▅[38;2;12;45;104;48;2;113;9;147m▄[38;2;0;71;140;48;2;106;14;145m▃[38;2;5;66;133;48;2;97;13;139m▄[38;2;4;66;131;48;2;84;13;123m▆[38;2;28;53;135;48;2;0;76;142m▔[38;2;0;87;151;48;2;0;69;134m▃[38;2;0;25;63;48;2;0;58;115m▝[38;2;4;28;64;48;2;6;19;44m▁[38;2;0;4;24;48;2;9;23;54m▕[38;2;0;4;23;48;2;0;13;37m▅[38;2;0;7;27;48;2;0;19;53m▆[38;2;1;22;67;48;2;0;15;42m▔[38;2;3;23;48;48;2;8;49;102m▞[0m [38;2;7;33;55m[0m
 [38;2;0;0;0m         [7m[38;2;17;26;57m▘[0m[38;2;13;23;58;48;2;8;19;46m▘[38;2;6;25;61;48;2;7;19;48m▁[38;2;0;24;61;48;2;6;83;147m▌[38;2;5;126;198;48;2;0;107;176m▅[38;2;0;132;195;48;2;0;100;166m▆[38;2;0;136;196;48;2;0;107;170m▆[38;2;0;136;194;48;2;0;113;175m▆[38;2;0;128;187;48;2;0;112;174m▆[38;2;0;89;152;48;2;0;108;171m▝[38;2;2;25;70;48;2;0;71;134m▝[38;2;7;40;107;48;2;3;19;58m▂[38;2;1;20;54;48;2;0;9;31m▁[38;2;1;14;37;48;2;0;11;32m▄[38;2;6;22;54;48;2;2;16;40m▁[38;2;15;50;111;48;2;4;25;55m▁[0m[7m[38;2;12;62;112m▝[0m [38;2;0;2;4m[0m
 [38;2;0;0;0m        [7m[38;2;18;30;53m▊[38;2;17;30;56m▁[38;2;15;31;61m▃[38;2;11;43;86m▄[0m [7m[38;2;17;95;156m▄[0m[38;2;39;86;153;48;2;9;118;199m▂[38;2;23;115;216;48;2;1;113;184m▁[38;2;2;101;176;48;2;0;124;184m▅[38;2;18;101;200;48;2;0;105;173m▁[38;2;31;112;210;48;2;2;97;170m▂[0m[7m[38;2;25;85;175m▁[0m[38;2;30;64;151;48;2;83;7;109m▘[38;2;103;1;112;48;2;29;28;92m▅[38;2;120;9;148;48;2;29;26;76m▖[0m[7m[38;2;11;33;70m▆[0m [7m[38;2;17;38;88m▆[0m [38;2;8;22;40m[0m
 [38;2;0;0;0m        [0m [38;2;2;5;9m     [38;2;91;21;126m▝[7m[38;2;101;50;164m▃[38;2;65;65;163m▃[38;2;34;118;191m▆[0m[38;2;24;81;125m▔[0m [7m[38;2;90;17;131m▄[38;2;135;15;161m▄[0m[38;2;107;29;150m▔[0m
